##          z n(z; L/Ledd=0.1) n(z; L/Ledd=0.3) n(z; L/Ledd=1.0)
    0.0200000   1.7533761e-06   9.5325345e-07   3.3541864e-07
    0.0400000   1.8431743e-06   1.0020738e-06   3.5259692e-07
    0.0600000   1.9422019e-06   1.0559119e-06   3.7154078e-07
    0.0800000   2.0538883e-06   1.1166322e-06   3.9290625e-07
     0.100000   2.1780822e-06   1.1841523e-06   4.1666438e-07
     0.120000   2.3182208e-06   1.2603411e-06   4.4347272e-07
     0.140000   2.4854354e-06   1.3512503e-06   4.7546067e-07
     0.160000   2.6752326e-06   1.4544368e-06   5.1176863e-07
     0.180000   2.8847415e-06   1.5683400e-06   5.5184743e-07
     0.200000   3.1029999e-06   1.6870000e-06   5.9359999e-07
     0.220000   3.3381162e-06   1.8148250e-06   6.3857743e-07
     0.240000   3.5907162e-06   1.9521554e-06   6.8689950e-07
     0.260000   3.8587897e-06   2.0978982e-06   7.3818161e-07
     0.280000   4.1365360e-06   2.2488998e-06   7.9131414e-07
     0.300000   4.4365724e-06   2.4120199e-06   8.4871073e-07
     0.320000   4.7620875e-06   2.5889918e-06   9.1098136e-07
     0.340000   5.1316904e-06   2.7899329e-06   9.8168592e-07
     0.360000   5.5559542e-06   3.0205913e-06   1.0628471e-06
     0.380000   6.0241045e-06   3.2751094e-06   1.1524036e-06
     0.400000   6.5263324e-06   3.5481543e-06   1.2484792e-06
     0.420000   7.0333434e-06   3.8237997e-06   1.3454698e-06
     0.440000   7.5617879e-06   4.1110977e-06   1.4465605e-06
     0.460000   8.1118097e-06   4.4101266e-06   1.5517790e-06
     0.480000   8.6700618e-06   4.7136301e-06   1.6585719e-06
     0.500000   9.2470252e-06   5.0273063e-06   1.7689443e-06
     0.520000   9.8530431e-06   5.3567785e-06   1.8848748e-06
     0.540000   1.0506642e-05   5.7121188e-06   2.0099074e-06
     0.560000   1.1193613e-05   6.0856025e-06   2.1413240e-06
     0.580000   1.1908844e-05   6.4744506e-06   2.2781469e-06
     0.600000   1.2643831e-05   6.8740392e-06   2.4187491e-06
     0.620000   1.3389073e-05   7.2792030e-06   2.5613129e-06
     0.640000   1.4144361e-05   7.6898280e-06   2.7057984e-06
     0.660000   1.4918091e-05   8.1104802e-06   2.8538121e-06
     0.680000   1.5696342e-05   8.5335897e-06   3.0026905e-06
     0.700000   1.6493520e-05   8.9669893e-06   3.1551896e-06
     0.720000   1.7318192e-05   9.4153369e-06   3.3129484e-06
     0.740000   1.8242471e-05   9.9178369e-06   3.4897617e-06
     0.760000   1.9192568e-05   1.0434374e-05   3.6715141e-06
     0.780000   2.0147679e-05   1.0953637e-05   3.8542257e-06
     0.800000   2.1015206e-05   1.1425283e-05   4.0201826e-06
     0.820000   2.1871526e-05   1.1890836e-05   4.1839955e-06
     0.840000   2.2719992e-05   1.2352119e-05   4.3463059e-06
     0.860000   2.3534094e-05   1.2794720e-05   4.5020426e-06
     0.880000   2.4324536e-05   1.3224457e-05   4.6532531e-06
     0.900000   2.5100071e-05   1.3646091e-05   4.8016120e-06
     0.920000   2.5932800e-05   1.4098818e-05   4.9609120e-06
     0.940000   2.6781921e-05   1.4560458e-05   5.1233477e-06
     0.960000   2.7681599e-05   1.5049584e-05   5.2954552e-06
     0.980000   2.8584089e-05   1.5540238e-05   5.4681004e-06
      1.00000   2.9478855e-05   1.6026693e-05   5.6392679e-06
      1.02000   3.0313435e-05   1.6480427e-05   5.7989220e-06
      1.04000   3.1135727e-05   1.6927480e-05   5.9562254e-06
      1.06000   3.1943723e-05   1.7366761e-05   6.1107940e-06
      1.08000   3.2738700e-05   1.7798965e-05   6.2628722e-06
      1.10000   3.3509908e-05   1.8218245e-05   6.4104034e-06
      1.12000   3.4220028e-05   1.8604314e-05   6.5462483e-06
      1.14000   3.4900141e-05   1.8974070e-05   6.6763531e-06
      1.16000   3.5553190e-05   1.9329111e-05   6.8012806e-06
      1.18000   3.6219295e-05   1.9691250e-05   6.9287055e-06
      1.20000   3.6866576e-05   2.0043156e-05   7.0525296e-06
      1.22000   3.7495977e-05   2.0385341e-05   7.1729333e-06
      1.24000   3.8103687e-05   2.0715733e-05   7.2891875e-06
      1.26000   3.8688057e-05   2.1033436e-05   7.4009767e-06
      1.28000   3.9244876e-05   2.1336160e-05   7.5074954e-06
      1.30000   3.9774974e-05   2.1624358e-05   7.6089026e-06
      1.32000   4.0255840e-05   2.1885788e-05   7.7008915e-06
      1.34000   4.0711396e-05   2.2133459e-05   7.7880389e-06
      1.36000   4.1143773e-05   2.2368529e-05   7.8707521e-06
      1.38000   4.1577091e-05   2.2604110e-05   7.9536453e-06
      1.40000   4.1987718e-05   2.2827354e-05   8.0321976e-06
      1.42000   4.2333971e-05   2.3015601e-05   8.0984355e-06
      1.44000   4.2662606e-05   2.3194269e-05   8.1613028e-06
      1.46000   4.2980009e-05   2.3366831e-05   8.2220217e-06
      1.48000   4.3334493e-05   2.3559552e-05   8.2898341e-06
      1.50000   4.3686289e-05   2.3750812e-05   8.3571321e-06
      1.52000   4.4030061e-05   2.3937710e-05   8.4228954e-06
      1.54000   4.4365188e-05   2.4119907e-05   8.4870048e-06
      1.56000   4.4688831e-05   2.4295861e-05   8.5489171e-06
      1.58000   4.5005543e-05   2.4468047e-05   8.6095038e-06
      1.60000   4.5339780e-05   2.4649761e-05   8.6734430e-06
      1.62000   4.5664415e-05   2.4826255e-05   8.7355452e-06
      1.64000   4.5975168e-05   2.4995201e-05   8.7949918e-06
      1.66000   4.6242622e-05   2.5140607e-05   8.8461555e-06
      1.68000   4.6503054e-05   2.5282195e-05   8.8959758e-06
      1.70000   4.6741493e-05   2.5411827e-05   8.9415889e-06
      1.72000   4.6955577e-05   2.5528217e-05   8.9825428e-06
      1.74000   4.7129485e-05   2.5622765e-05   9.0158112e-06
      1.76000   4.7275791e-05   2.5702307e-05   9.0437994e-06
      1.78000   4.7383100e-05   2.5760648e-05   9.0643275e-06
      1.80000   4.7465683e-05   2.5805545e-05   9.0801255e-06
      1.82000   4.7525080e-05   2.5837837e-05   9.0914880e-06
      1.84000   4.7573841e-05   2.5864347e-05   9.1008160e-06
      1.86000   4.7599129e-05   2.5878096e-05   9.1056536e-06
      1.88000   4.7550289e-05   2.5851543e-05   9.0963106e-06
      1.90000   4.7486586e-05   2.5816910e-05   9.0841242e-06
      1.92000   4.7416095e-05   2.5778586e-05   9.0706394e-06
      1.94000   4.7397045e-05   2.5768229e-05   9.0669951e-06
      1.96000   4.7378262e-05   2.5758017e-05   9.0634020e-06
      1.98000   4.7378418e-05   2.5758102e-05   9.0634318e-06
      2.00000   4.7397409e-05   2.5768427e-05   9.0670648e-06
